  15  15
  3  2  1  4  3  2  1  4  9  2  2  1  4  9  2
  2  1  2  6  2  1  2  6  2  1  2  1  4  9  2
  1  2  1  8  1  2  1  8  1  2  2  1  4  9  2
  2  1  2  9  2  1  2  9  2  1  2  1  4  9  2
  3  2  1  4  3  2  1  4  9  2  2  1  4  9  2
  2  1  2  6  2  1  2  6  2  1  2  1  4  9  2
  1  2  1  8  1  2  1  8  1  2  2  1  4  9  2
  2  1  2  9  2  1  2  9  2  1  2  1  4  9  2
  2  1  2  6  2  1  2  6  2  1  2  1  4  9  2
  3  2  1  4  3  2  1  4  9  2  2  1  4  9  2
  2  1  2  6  2  1  2  6  2  1  2  1  4  9  2
  1  2  1  8  1  2  1  8  1  2  2  1  4  9  2
  2  1  2  9  2  1  2  9  2  1  2  1  4  9  2
  2  1  2  6  2  1  2  6  2  1  2  1  4  9  2